10,270
10,172
10,122
10,160
10,82
10,152
10,162
11,18
8,10
8,9
8,17
8,14
8,7
149,4
149,3
149,2
149,1
149,0
146,3
146,2
146,1
146,0
145,3
145,2
145,1
145,0
142,3
142,2
142,1
142,0
141,4
141,3
141,2
141,1
141,0
140,4
140,3
140,2
140,1
140,0
26,3
26,2
26,1
20,3
20,2
20,1
19,3
19,2
19,1
12,3
12,2
12,1
11,30
11,29
11,28
11,25
11,24
11,23
11,22
11,21
11,20
11,17
11,16
11,15
11,14
11,13
11,12
11,11
11,10
11,9
11,8
11,7
11,5
11,4
11,3
11,2
11,1
10,315
10,304
10,295
10,291
10,283
10,280
10,277
18,1
18,3
10,267
10,264
14,1
14,3
10,261
13,1
13,3
10,259
10,255
10,246
10,245
10,239
10,234
10,232
10,220
10,194
10,116
10,106
10,1
2,2
2,1
10,98
10,3
10,2
9,7
9,6
9,4
9,3
9,2
